0010000001
0010001001
1100000000
1010000000
1100000001
1010000001
0000000001
1100000010
1010000010
0000000001
1100000011
1010000011
1011000010
0000000001
1100000100
1010000100
1011000011
0000000001
1100000101
1010000101
1011000100
0000000001
1100000110
1010000110
1011000101
0000000001
1100000111
1010000111
1011000110
0000000001
1100001000
1010001000
1011000111
0000000001
1100001001
1011001000
0000000001
1100010000
1010010000
1011001001
1010001001
0000000001
1100010001
1010010001
1011010000
0000000001
1100010010
1010010010
